
#################################################################
# Summary Statistics
#################################################################

DIC = -15.23493

                      Mean    SD  2.5%    5%   25%   50%   75%   95% 97.5%
sample.SD            0.074 0.050 0.004 0.007 0.032 0.069 0.108 0.164 0.185
p.global.aquatic     0.562 0.058 0.446 0.465 0.526 0.562 0.600 0.659 0.676
p.global.terrestrial 0.438 0.058 0.324 0.341 0.400 0.438 0.474 0.535 0.554
p.H001.aquatic       0.582 0.062 0.462 0.483 0.540 0.581 0.623 0.687 0.707
p.H002.aquatic       0.587 0.062 0.467 0.487 0.546 0.585 0.626 0.692 0.715
p.H003.aquatic       0.585 0.062 0.464 0.486 0.544 0.583 0.626 0.690 0.709
p.H004.aquatic       0.585 0.063 0.460 0.481 0.544 0.582 0.625 0.691 0.710
p.H005.aquatic       0.570 0.061 0.451 0.468 0.530 0.569 0.609 0.670 0.689
p.H006.aquatic       0.553 0.063 0.426 0.448 0.512 0.554 0.595 0.655 0.672
p.H007.aquatic       0.574 0.061 0.452 0.477 0.534 0.573 0.614 0.676 0.691
p.H008.aquatic       0.561 0.061 0.437 0.458 0.522 0.562 0.602 0.661 0.682
p.H009.aquatic       0.555 0.063 0.426 0.448 0.515 0.555 0.595 0.657 0.676
p.H010.aquatic       0.549 0.063 0.417 0.440 0.509 0.551 0.590 0.652 0.673
p.H011.aquatic       0.540 0.068 0.398 0.424 0.498 0.543 0.585 0.648 0.668
p.H014.aquatic       0.547 0.065 0.415 0.440 0.505 0.550 0.588 0.654 0.673
p.H017.aquatic       0.546 0.064 0.415 0.435 0.505 0.548 0.589 0.651 0.671
p.H020.aquatic       0.562 0.062 0.436 0.457 0.522 0.563 0.602 0.663 0.683
p.H021.aquatic       0.552 0.063 0.418 0.443 0.513 0.554 0.592 0.656 0.676
p.H022.aquatic       0.559 0.062 0.429 0.456 0.520 0.560 0.598 0.659 0.678
p.H023.aquatic       0.576 0.061 0.452 0.477 0.537 0.575 0.615 0.678 0.696
p.H024.aquatic       0.555 0.063 0.426 0.449 0.514 0.556 0.596 0.659 0.678
p.H025.aquatic       0.552 0.063 0.421 0.445 0.512 0.554 0.593 0.653 0.676
p.H026.aquatic       0.571 0.061 0.448 0.472 0.531 0.570 0.611 0.674 0.692
p.H027.aquatic       0.571 0.062 0.448 0.470 0.532 0.571 0.611 0.674 0.696
p.H028.aquatic       0.582 0.062 0.467 0.483 0.542 0.581 0.621 0.686 0.709
p.H029.aquatic       0.573 0.062 0.447 0.470 0.533 0.573 0.614 0.675 0.694
p.H030.aquatic       0.563 0.061 0.441 0.461 0.525 0.563 0.602 0.661 0.682
p.H031.aquatic       0.553 0.062 0.425 0.450 0.513 0.554 0.594 0.654 0.673
p.H032.aquatic       0.542 0.067 0.402 0.431 0.499 0.545 0.586 0.649 0.670
p.H033.aquatic       0.547 0.064 0.415 0.439 0.507 0.549 0.589 0.651 0.673
p.H034.aquatic       0.554 0.062 0.429 0.449 0.515 0.556 0.594 0.656 0.674
p.H035.aquatic       0.550 0.064 0.418 0.439 0.510 0.552 0.592 0.653 0.669
p.H036.aquatic       0.532 0.071 0.383 0.408 0.490 0.536 0.579 0.645 0.663
p.H037.aquatic       0.535 0.070 0.388 0.411 0.490 0.538 0.581 0.645 0.666
p.H038.aquatic       0.583 0.063 0.461 0.481 0.543 0.580 0.623 0.691 0.709
p.H039.aquatic       0.563 0.061 0.436 0.461 0.525 0.563 0.602 0.667 0.683
p.H040.aquatic       0.575 0.062 0.452 0.475 0.535 0.574 0.617 0.677 0.700
p.H041.aquatic       0.570 0.062 0.443 0.467 0.530 0.569 0.610 0.674 0.692
p.H042.aquatic       0.571 0.061 0.450 0.470 0.532 0.571 0.610 0.673 0.690
p.H043.aquatic       0.567 0.061 0.444 0.466 0.527 0.567 0.606 0.667 0.686
p.H044.aquatic       0.581 0.063 0.456 0.478 0.541 0.578 0.621 0.687 0.710
p.H045.aquatic       0.576 0.060 0.457 0.479 0.537 0.575 0.615 0.676 0.696
p.H046.aquatic       0.575 0.062 0.453 0.475 0.535 0.574 0.616 0.679 0.700
p.H047.aquatic       0.557 0.062 0.430 0.454 0.517 0.558 0.596 0.660 0.675
p.H048.aquatic       0.558 0.061 0.433 0.456 0.519 0.558 0.598 0.660 0.675
p.H049.aquatic       0.561 0.061 0.438 0.460 0.522 0.561 0.600 0.661 0.684
p.H050.aquatic       0.557 0.061 0.426 0.453 0.518 0.558 0.596 0.657 0.677
p.H051.aquatic       0.554 0.062 0.425 0.449 0.515 0.554 0.593 0.658 0.675
p.H052.aquatic       0.559 0.062 0.436 0.455 0.519 0.559 0.598 0.663 0.683
p.H001.terrestrial   0.418 0.062 0.293 0.313 0.377 0.419 0.460 0.517 0.538
p.H002.terrestrial   0.413 0.062 0.285 0.308 0.374 0.415 0.454 0.513 0.533
p.H003.terrestrial   0.415 0.062 0.291 0.310 0.374 0.417 0.456 0.514 0.536
p.H004.terrestrial   0.415 0.063 0.290 0.309 0.375 0.418 0.456 0.519 0.540
p.H005.terrestrial   0.430 0.061 0.311 0.330 0.391 0.431 0.470 0.532 0.549
p.H006.terrestrial   0.447 0.063 0.328 0.345 0.405 0.446 0.488 0.552 0.574
p.H007.terrestrial   0.426 0.061 0.309 0.324 0.386 0.427 0.466 0.523 0.548
p.H008.terrestrial   0.439 0.061 0.318 0.339 0.398 0.438 0.478 0.542 0.563
p.H009.terrestrial   0.445 0.063 0.324 0.343 0.405 0.445 0.485 0.552 0.574
p.H010.terrestrial   0.451 0.063 0.327 0.348 0.410 0.449 0.491 0.560 0.583
p.H011.terrestrial   0.460 0.068 0.332 0.352 0.415 0.457 0.502 0.576 0.602
p.H014.terrestrial   0.453 0.065 0.327 0.346 0.412 0.450 0.495 0.560 0.585
p.H017.terrestrial   0.454 0.064 0.329 0.349 0.411 0.452 0.495 0.565 0.585
p.H020.terrestrial   0.438 0.062 0.317 0.337 0.398 0.437 0.478 0.543 0.564
p.H021.terrestrial   0.448 0.063 0.324 0.344 0.408 0.446 0.487 0.557 0.582
p.H022.terrestrial   0.441 0.062 0.322 0.341 0.402 0.440 0.480 0.544 0.571
p.H023.terrestrial   0.424 0.061 0.304 0.322 0.385 0.425 0.463 0.523 0.548
p.H024.terrestrial   0.445 0.063 0.322 0.341 0.404 0.444 0.486 0.551 0.574
p.H025.terrestrial   0.448 0.063 0.324 0.347 0.407 0.446 0.488 0.555 0.579
p.H026.terrestrial   0.429 0.061 0.308 0.326 0.389 0.430 0.469 0.528 0.552
p.H027.terrestrial   0.429 0.062 0.304 0.326 0.389 0.429 0.468 0.530 0.552
p.H028.terrestrial   0.418 0.062 0.291 0.314 0.379 0.419 0.458 0.517 0.533
p.H029.terrestrial   0.427 0.062 0.306 0.325 0.386 0.427 0.467 0.530 0.553
p.H030.terrestrial   0.437 0.061 0.318 0.339 0.398 0.437 0.475 0.539 0.559
p.H031.terrestrial   0.447 0.062 0.327 0.346 0.406 0.446 0.487 0.550 0.575
p.H032.terrestrial   0.458 0.067 0.330 0.351 0.414 0.455 0.501 0.569 0.598
p.H033.terrestrial   0.453 0.064 0.327 0.349 0.411 0.451 0.493 0.561 0.585
p.H034.terrestrial   0.446 0.062 0.326 0.344 0.406 0.444 0.485 0.551 0.571
p.H035.terrestrial   0.450 0.064 0.331 0.347 0.408 0.448 0.490 0.561 0.582
p.H036.terrestrial   0.468 0.071 0.337 0.355 0.421 0.464 0.510 0.592 0.617
p.H037.terrestrial   0.465 0.070 0.334 0.355 0.419 0.462 0.510 0.589 0.612
p.H038.terrestrial   0.417 0.063 0.291 0.309 0.377 0.420 0.457 0.519 0.539
p.H039.terrestrial   0.437 0.061 0.317 0.333 0.398 0.437 0.475 0.539 0.564
p.H040.terrestrial   0.425 0.062 0.300 0.323 0.383 0.426 0.465 0.525 0.548
p.H041.terrestrial   0.430 0.062 0.308 0.326 0.390 0.431 0.470 0.533 0.557
p.H042.terrestrial   0.429 0.061 0.310 0.327 0.390 0.429 0.468 0.530 0.550
p.H043.terrestrial   0.433 0.061 0.314 0.333 0.394 0.433 0.473 0.534 0.556
p.H044.terrestrial   0.419 0.063 0.290 0.313 0.379 0.422 0.459 0.522 0.544
p.H045.terrestrial   0.424 0.060 0.304 0.324 0.385 0.425 0.463 0.521 0.543
p.H046.terrestrial   0.425 0.062 0.300 0.321 0.384 0.426 0.465 0.525 0.547
p.H047.terrestrial   0.443 0.062 0.325 0.340 0.404 0.442 0.483 0.546 0.570
p.H048.terrestrial   0.442 0.061 0.325 0.340 0.402 0.442 0.481 0.544 0.567
p.H049.terrestrial   0.439 0.061 0.316 0.339 0.400 0.439 0.478 0.540 0.562
p.H050.terrestrial   0.443 0.061 0.323 0.343 0.404 0.442 0.482 0.547 0.574
p.H051.terrestrial   0.446 0.062 0.325 0.342 0.407 0.446 0.485 0.551 0.575
p.H052.terrestrial   0.441 0.062 0.317 0.337 0.402 0.441 0.481 0.545 0.564
