
#################################################################
# Summary Statistics
#################################################################

DIC = -24.23595

                      Mean    SD  2.5%    5%   25%   50%   75%   95% 97.5%
sample.SD            0.074 0.053 0.003 0.005 0.031 0.066 0.108 0.170 0.195
p.global.aquatic     0.562 0.058 0.443 0.463 0.527 0.563 0.600 0.656 0.673
p.global.terrestrial 0.438 0.058 0.327 0.344 0.400 0.437 0.473 0.537 0.557
p.H001.aquatic       0.582 0.062 0.459 0.475 0.543 0.583 0.620 0.682 0.704
p.H002.aquatic       0.586 0.063 0.459 0.480 0.547 0.586 0.625 0.689 0.712
p.H003.aquatic       0.585 0.063 0.459 0.479 0.546 0.584 0.624 0.688 0.711
p.H004.aquatic       0.584 0.064 0.460 0.480 0.543 0.584 0.626 0.690 0.719
p.H005.aquatic       0.569 0.061 0.445 0.467 0.530 0.570 0.609 0.667 0.684
p.H006.aquatic       0.553 0.063 0.419 0.448 0.515 0.556 0.594 0.654 0.672
p.H007.aquatic       0.573 0.061 0.450 0.469 0.535 0.574 0.611 0.672 0.691
p.H008.aquatic       0.562 0.061 0.438 0.459 0.523 0.565 0.602 0.660 0.679
p.H009.aquatic       0.555 0.062 0.426 0.452 0.517 0.556 0.596 0.652 0.674
p.H010.aquatic       0.549 0.064 0.411 0.437 0.509 0.553 0.591 0.650 0.670
p.H011.aquatic       0.540 0.067 0.395 0.424 0.498 0.545 0.587 0.641 0.661
p.H014.aquatic       0.548 0.064 0.412 0.440 0.509 0.551 0.590 0.649 0.667
p.H017.aquatic       0.547 0.065 0.408 0.434 0.506 0.550 0.590 0.649 0.665
p.H020.aquatic       0.562 0.063 0.428 0.455 0.524 0.564 0.603 0.661 0.678
p.H021.aquatic       0.551 0.062 0.423 0.445 0.512 0.553 0.592 0.651 0.671
p.H022.aquatic       0.558 0.062 0.434 0.455 0.518 0.560 0.599 0.657 0.680
p.H023.aquatic       0.575 0.063 0.446 0.470 0.536 0.576 0.614 0.678 0.695
p.H024.aquatic       0.556 0.063 0.421 0.450 0.518 0.559 0.599 0.653 0.673
p.H025.aquatic       0.553 0.064 0.420 0.445 0.513 0.555 0.596 0.654 0.674
p.H026.aquatic       0.570 0.061 0.447 0.467 0.531 0.572 0.609 0.669 0.688
p.H027.aquatic       0.571 0.061 0.447 0.468 0.532 0.572 0.610 0.668 0.690
p.H028.aquatic       0.581 0.063 0.456 0.477 0.541 0.581 0.620 0.684 0.704
p.H029.aquatic       0.573 0.063 0.447 0.468 0.532 0.574 0.614 0.674 0.691
p.H030.aquatic       0.563 0.061 0.438 0.460 0.524 0.565 0.604 0.662 0.680
p.H031.aquatic       0.553 0.063 0.421 0.447 0.514 0.555 0.594 0.651 0.672
p.H032.aquatic       0.542 0.068 0.397 0.425 0.502 0.547 0.589 0.646 0.665
p.H033.aquatic       0.547 0.064 0.413 0.438 0.507 0.551 0.591 0.646 0.669
p.H034.aquatic       0.554 0.063 0.422 0.447 0.516 0.556 0.594 0.650 0.669
p.H035.aquatic       0.550 0.064 0.418 0.445 0.509 0.552 0.593 0.650 0.671
p.H036.aquatic       0.533 0.071 0.371 0.409 0.489 0.538 0.582 0.640 0.659
p.H037.aquatic       0.535 0.071 0.382 0.412 0.490 0.541 0.584 0.643 0.663
p.H038.aquatic       0.583 0.063 0.458 0.477 0.543 0.584 0.620 0.688 0.712
p.H039.aquatic       0.562 0.061 0.435 0.460 0.523 0.564 0.601 0.660 0.679
p.H040.aquatic       0.574 0.062 0.449 0.472 0.535 0.575 0.612 0.674 0.695
p.H041.aquatic       0.569 0.062 0.441 0.465 0.531 0.571 0.609 0.670 0.690
p.H042.aquatic       0.571 0.061 0.449 0.469 0.532 0.572 0.610 0.671 0.689
p.H043.aquatic       0.567 0.061 0.441 0.466 0.529 0.568 0.607 0.663 0.684
p.H044.aquatic       0.580 0.063 0.455 0.475 0.542 0.579 0.620 0.682 0.706
p.H045.aquatic       0.576 0.061 0.455 0.471 0.538 0.577 0.615 0.673 0.697
p.H046.aquatic       0.575 0.061 0.454 0.471 0.536 0.575 0.614 0.674 0.697
p.H047.aquatic       0.556 0.062 0.428 0.452 0.518 0.559 0.597 0.655 0.675
p.H048.aquatic       0.557 0.062 0.429 0.453 0.518 0.559 0.597 0.655 0.676
p.H049.aquatic       0.561 0.061 0.435 0.459 0.522 0.562 0.601 0.658 0.681
p.H050.aquatic       0.556 0.062 0.423 0.453 0.519 0.558 0.598 0.654 0.671
p.H051.aquatic       0.554 0.062 0.428 0.448 0.515 0.556 0.594 0.649 0.673
p.H052.aquatic       0.558 0.061 0.434 0.455 0.520 0.559 0.599 0.655 0.675
p.H001.terrestrial   0.418 0.062 0.296 0.318 0.380 0.417 0.457 0.525 0.541
p.H002.terrestrial   0.414 0.063 0.288 0.311 0.375 0.414 0.453 0.520 0.541
p.H003.terrestrial   0.415 0.063 0.289 0.312 0.376 0.416 0.454 0.521 0.541
p.H004.terrestrial   0.416 0.064 0.281 0.310 0.374 0.416 0.457 0.520 0.540
p.H005.terrestrial   0.431 0.061 0.316 0.333 0.391 0.430 0.470 0.533 0.555
p.H006.terrestrial   0.447 0.063 0.328 0.346 0.406 0.444 0.485 0.552 0.581
p.H007.terrestrial   0.427 0.061 0.309 0.328 0.389 0.426 0.465 0.531 0.550
p.H008.terrestrial   0.438 0.061 0.321 0.340 0.398 0.435 0.477 0.541 0.562
p.H009.terrestrial   0.445 0.062 0.326 0.348 0.404 0.444 0.483 0.548 0.574
p.H010.terrestrial   0.451 0.064 0.330 0.350 0.409 0.447 0.491 0.563 0.589
p.H011.terrestrial   0.460 0.067 0.339 0.359 0.413 0.455 0.502 0.576 0.605
p.H014.terrestrial   0.452 0.064 0.333 0.351 0.410 0.449 0.491 0.560 0.588
p.H017.terrestrial   0.453 0.065 0.335 0.351 0.410 0.450 0.494 0.566 0.592
p.H020.terrestrial   0.438 0.063 0.322 0.339 0.397 0.436 0.476 0.545 0.572
p.H021.terrestrial   0.449 0.062 0.329 0.349 0.408 0.447 0.488 0.555 0.577
p.H022.terrestrial   0.442 0.062 0.320 0.343 0.401 0.440 0.482 0.545 0.566
p.H023.terrestrial   0.425 0.063 0.305 0.322 0.386 0.424 0.464 0.530 0.554
p.H024.terrestrial   0.444 0.063 0.327 0.347 0.401 0.441 0.482 0.550 0.579
p.H025.terrestrial   0.447 0.064 0.326 0.346 0.404 0.445 0.487 0.555 0.580
p.H026.terrestrial   0.430 0.061 0.312 0.331 0.391 0.428 0.469 0.533 0.553
p.H027.terrestrial   0.429 0.061 0.310 0.332 0.390 0.428 0.468 0.532 0.553
p.H028.terrestrial   0.419 0.063 0.296 0.316 0.380 0.419 0.459 0.523 0.544
p.H029.terrestrial   0.427 0.063 0.309 0.326 0.386 0.426 0.468 0.532 0.553
p.H030.terrestrial   0.437 0.061 0.320 0.338 0.396 0.435 0.476 0.540 0.562
p.H031.terrestrial   0.447 0.063 0.328 0.349 0.406 0.445 0.486 0.553 0.579
p.H032.terrestrial   0.458 0.068 0.335 0.354 0.411 0.453 0.498 0.575 0.603
p.H033.terrestrial   0.453 0.064 0.331 0.354 0.409 0.449 0.493 0.562 0.587
p.H034.terrestrial   0.446 0.063 0.331 0.350 0.406 0.444 0.484 0.553 0.578
p.H035.terrestrial   0.450 0.064 0.329 0.350 0.407 0.448 0.491 0.555 0.582
p.H036.terrestrial   0.467 0.071 0.341 0.360 0.418 0.462 0.511 0.591 0.629
p.H037.terrestrial   0.465 0.071 0.337 0.357 0.416 0.459 0.510 0.588 0.618
p.H038.terrestrial   0.417 0.063 0.288 0.312 0.380 0.416 0.457 0.523 0.542
p.H039.terrestrial   0.438 0.061 0.321 0.340 0.399 0.436 0.477 0.540 0.565
p.H040.terrestrial   0.426 0.062 0.305 0.326 0.388 0.425 0.465 0.528 0.551
p.H041.terrestrial   0.431 0.062 0.310 0.330 0.391 0.429 0.469 0.535 0.559
p.H042.terrestrial   0.429 0.061 0.311 0.329 0.390 0.428 0.468 0.531 0.551
p.H043.terrestrial   0.433 0.061 0.316 0.337 0.393 0.432 0.471 0.534 0.559
p.H044.terrestrial   0.420 0.063 0.294 0.318 0.380 0.421 0.458 0.525 0.545
p.H045.terrestrial   0.424 0.061 0.303 0.327 0.385 0.423 0.462 0.529 0.545
p.H046.terrestrial   0.425 0.061 0.303 0.326 0.386 0.425 0.464 0.529 0.546
p.H047.terrestrial   0.444 0.062 0.325 0.345 0.403 0.441 0.482 0.548 0.572
p.H048.terrestrial   0.443 0.062 0.324 0.345 0.403 0.441 0.482 0.547 0.571
p.H049.terrestrial   0.439 0.061 0.319 0.342 0.399 0.438 0.478 0.541 0.565
p.H050.terrestrial   0.444 0.062 0.329 0.346 0.402 0.442 0.481 0.547 0.577
p.H051.terrestrial   0.446 0.062 0.327 0.351 0.406 0.444 0.485 0.552 0.572
p.H052.terrestrial   0.442 0.061 0.325 0.345 0.401 0.441 0.480 0.545 0.566
