
#################################################################
# Summary Statistics
#################################################################

DIC = 26.70883

                      Mean    SD  2.5%    5%   25%   50%   75%   95% 97.5%
sample.SD            0.088 0.079 0.006 0.010 0.034 0.067 0.119 0.231 0.294
p.global.aquatic     0.646 0.118 0.444 0.469 0.560 0.642 0.722 0.857 0.899
p.global.terrestrial 0.354 0.118 0.101 0.143 0.278 0.358 0.440 0.531 0.556
p.H001.aquatic       0.657 0.121 0.446 0.470 0.569 0.649 0.738 0.875 0.913
p.H002.aquatic       0.657 0.121 0.449 0.473 0.570 0.649 0.739 0.877 0.912
p.H003.aquatic       0.657 0.121 0.444 0.474 0.568 0.651 0.736 0.879 0.912
p.H004.aquatic       0.662 0.122 0.448 0.474 0.573 0.654 0.741 0.882 0.919
p.H005.aquatic       0.651 0.120 0.444 0.469 0.564 0.644 0.729 0.872 0.909
p.H006.aquatic       0.642 0.119 0.440 0.462 0.555 0.636 0.719 0.860 0.900
p.H007.aquatic       0.652 0.121 0.443 0.467 0.561 0.644 0.731 0.868 0.905
p.H008.aquatic       0.648 0.120 0.443 0.468 0.561 0.641 0.726 0.865 0.905
p.H009.aquatic       0.640 0.119 0.437 0.462 0.553 0.633 0.717 0.851 0.900
p.H010.aquatic       0.636 0.119 0.434 0.457 0.552 0.630 0.710 0.856 0.901
p.H011.aquatic       0.630 0.119 0.426 0.452 0.546 0.622 0.702 0.845 0.894
p.H014.aquatic       0.631 0.119 0.431 0.453 0.546 0.625 0.704 0.844 0.894
p.H017.aquatic       0.631 0.118 0.431 0.450 0.547 0.622 0.706 0.844 0.891
p.H020.aquatic       0.651 0.120 0.448 0.470 0.564 0.642 0.728 0.872 0.908
p.H021.aquatic       0.639 0.120 0.433 0.460 0.553 0.632 0.715 0.863 0.907
p.H022.aquatic       0.642 0.119 0.439 0.462 0.556 0.636 0.719 0.861 0.899
p.H023.aquatic       0.658 0.121 0.451 0.473 0.570 0.651 0.737 0.876 0.912
p.H024.aquatic       0.648 0.120 0.441 0.466 0.558 0.642 0.727 0.865 0.907
p.H025.aquatic       0.643 0.119 0.443 0.466 0.557 0.637 0.721 0.857 0.896
p.H026.aquatic       0.656 0.121 0.447 0.475 0.567 0.648 0.736 0.876 0.912
p.H027.aquatic       0.650 0.120 0.444 0.468 0.562 0.642 0.729 0.867 0.908
p.H028.aquatic       0.656 0.121 0.448 0.474 0.569 0.648 0.735 0.874 0.914
p.H029.aquatic       0.660 0.122 0.449 0.474 0.571 0.652 0.740 0.878 0.921
p.H030.aquatic       0.645 0.119 0.440 0.463 0.560 0.639 0.722 0.862 0.902
p.H031.aquatic       0.639 0.119 0.438 0.460 0.553 0.631 0.716 0.859 0.903
p.H032.aquatic       0.644 0.119 0.441 0.464 0.558 0.637 0.720 0.861 0.900
p.H033.aquatic       0.639 0.119 0.436 0.458 0.553 0.633 0.715 0.855 0.898
p.H034.aquatic       0.641 0.119 0.438 0.460 0.556 0.636 0.721 0.855 0.894
p.H035.aquatic       0.638 0.119 0.436 0.460 0.551 0.630 0.714 0.852 0.899
p.H036.aquatic       0.621 0.118 0.419 0.446 0.536 0.613 0.692 0.835 0.884
p.H037.aquatic       0.623 0.118 0.425 0.446 0.537 0.616 0.693 0.837 0.889
p.H038.aquatic       0.660 0.121 0.448 0.476 0.571 0.654 0.741 0.880 0.916
p.H039.aquatic       0.649 0.120 0.444 0.470 0.562 0.640 0.728 0.871 0.905
p.H040.aquatic       0.654 0.121 0.447 0.472 0.564 0.646 0.733 0.873 0.910
p.H041.aquatic       0.656 0.121 0.445 0.473 0.566 0.648 0.737 0.874 0.912
p.H042.aquatic       0.650 0.120 0.445 0.468 0.562 0.644 0.728 0.871 0.910
p.H043.aquatic       0.647 0.120 0.441 0.467 0.561 0.640 0.725 0.867 0.904
p.H044.aquatic       0.659 0.122 0.447 0.475 0.571 0.652 0.740 0.878 0.918
p.H045.aquatic       0.651 0.120 0.446 0.473 0.564 0.646 0.729 0.867 0.905
p.H046.aquatic       0.652 0.121 0.446 0.467 0.564 0.643 0.731 0.871 0.909
p.H047.aquatic       0.641 0.120 0.436 0.460 0.552 0.635 0.718 0.860 0.904
p.H048.aquatic       0.638 0.119 0.437 0.460 0.552 0.630 0.712 0.857 0.899
p.H049.aquatic       0.640 0.120 0.438 0.459 0.554 0.633 0.719 0.859 0.906
p.H050.aquatic       0.642 0.120 0.435 0.463 0.555 0.634 0.718 0.861 0.901
p.H051.aquatic       0.636 0.118 0.435 0.456 0.551 0.629 0.711 0.852 0.894
p.H052.aquatic       0.640 0.119 0.436 0.461 0.553 0.636 0.717 0.859 0.897
p.H001.terrestrial   0.343 0.121 0.087 0.125 0.262 0.351 0.431 0.530 0.554
p.H002.terrestrial   0.343 0.121 0.088 0.123 0.261 0.351 0.430 0.527 0.551
p.H003.terrestrial   0.343 0.121 0.088 0.121 0.264 0.349 0.432 0.526 0.556
p.H004.terrestrial   0.338 0.122 0.081 0.118 0.259 0.346 0.427 0.526 0.552
p.H005.terrestrial   0.349 0.120 0.091 0.128 0.271 0.356 0.436 0.531 0.556
p.H006.terrestrial   0.358 0.119 0.100 0.140 0.281 0.364 0.445 0.538 0.560
p.H007.terrestrial   0.348 0.121 0.095 0.132 0.269 0.356 0.439 0.533 0.557
p.H008.terrestrial   0.352 0.120 0.095 0.135 0.274 0.359 0.439 0.532 0.557
p.H009.terrestrial   0.360 0.119 0.100 0.149 0.283 0.367 0.447 0.538 0.563
p.H010.terrestrial   0.364 0.119 0.099 0.144 0.290 0.370 0.448 0.543 0.566
p.H011.terrestrial   0.370 0.119 0.106 0.155 0.298 0.378 0.454 0.548 0.574
p.H014.terrestrial   0.369 0.119 0.106 0.156 0.296 0.375 0.454 0.547 0.569
p.H017.terrestrial   0.369 0.118 0.109 0.156 0.294 0.378 0.453 0.550 0.569
p.H020.terrestrial   0.349 0.120 0.092 0.128 0.272 0.358 0.436 0.530 0.552
p.H021.terrestrial   0.361 0.120 0.093 0.137 0.285 0.368 0.447 0.540 0.567
p.H022.terrestrial   0.358 0.119 0.101 0.139 0.281 0.364 0.444 0.538 0.561
p.H023.terrestrial   0.342 0.121 0.088 0.124 0.263 0.349 0.430 0.527 0.549
p.H024.terrestrial   0.352 0.120 0.093 0.135 0.273 0.358 0.442 0.534 0.559
p.H025.terrestrial   0.357 0.119 0.104 0.143 0.279 0.363 0.443 0.534 0.557
p.H026.terrestrial   0.344 0.121 0.088 0.124 0.264 0.352 0.433 0.525 0.553
p.H027.terrestrial   0.350 0.120 0.092 0.133 0.271 0.358 0.438 0.532 0.556
p.H028.terrestrial   0.344 0.121 0.086 0.126 0.265 0.352 0.431 0.526 0.552
p.H029.terrestrial   0.340 0.122 0.079 0.122 0.260 0.348 0.429 0.526 0.551
p.H030.terrestrial   0.355 0.119 0.098 0.138 0.278 0.361 0.440 0.537 0.560
p.H031.terrestrial   0.361 0.119 0.097 0.141 0.284 0.369 0.447 0.540 0.562
p.H032.terrestrial   0.356 0.119 0.100 0.139 0.280 0.363 0.442 0.536 0.559
p.H033.terrestrial   0.361 0.119 0.102 0.145 0.285 0.367 0.447 0.542 0.564
p.H034.terrestrial   0.359 0.119 0.106 0.145 0.279 0.364 0.444 0.540 0.562
p.H035.terrestrial   0.362 0.119 0.101 0.148 0.286 0.370 0.449 0.540 0.564
p.H036.terrestrial   0.379 0.118 0.116 0.165 0.308 0.387 0.464 0.554 0.581
p.H037.terrestrial   0.377 0.118 0.111 0.163 0.307 0.384 0.463 0.554 0.575
p.H038.terrestrial   0.340 0.121 0.084 0.120 0.259 0.346 0.429 0.524 0.552
p.H039.terrestrial   0.351 0.120 0.095 0.129 0.272 0.360 0.438 0.530 0.556
p.H040.terrestrial   0.346 0.121 0.090 0.127 0.267 0.354 0.436 0.528 0.553
p.H041.terrestrial   0.344 0.121 0.088 0.126 0.263 0.352 0.434 0.527 0.555
p.H042.terrestrial   0.350 0.120 0.090 0.129 0.272 0.356 0.438 0.532 0.555
p.H043.terrestrial   0.353 0.120 0.096 0.133 0.275 0.360 0.439 0.533 0.559
p.H044.terrestrial   0.341 0.122 0.082 0.122 0.260 0.348 0.429 0.525 0.553
p.H045.terrestrial   0.349 0.120 0.095 0.133 0.271 0.354 0.436 0.527 0.554
p.H046.terrestrial   0.348 0.121 0.091 0.129 0.269 0.357 0.436 0.533 0.554
p.H047.terrestrial   0.359 0.120 0.096 0.140 0.282 0.365 0.448 0.540 0.564
p.H048.terrestrial   0.362 0.119 0.101 0.143 0.288 0.370 0.448 0.540 0.563
p.H049.terrestrial   0.360 0.120 0.094 0.141 0.281 0.367 0.446 0.541 0.562
p.H050.terrestrial   0.358 0.120 0.099 0.139 0.282 0.366 0.445 0.537 0.565
p.H051.terrestrial   0.364 0.118 0.106 0.148 0.289 0.371 0.449 0.544 0.565
p.H052.terrestrial   0.360 0.119 0.103 0.141 0.283 0.364 0.447 0.539 0.564
