
#################################################################
# Summary Statistics
#################################################################

DIC = -24.58398

                      Mean    SD  2.5%    5%   25%   50%   75%   95% 97.5%
sample.SD            0.074 0.050 0.004 0.008 0.033 0.067 0.107 0.162 0.186
p.global.aquatic     0.566 0.056 0.456 0.474 0.529 0.566 0.602 0.655 0.676
p.global.terrestrial 0.434 0.056 0.324 0.345 0.398 0.434 0.471 0.526 0.544
p.H001.aquatic       0.585 0.061 0.468 0.489 0.544 0.583 0.625 0.689 0.709
p.H002.aquatic       0.589 0.061 0.475 0.494 0.547 0.587 0.629 0.691 0.708
p.H003.aquatic       0.588 0.061 0.470 0.491 0.548 0.585 0.629 0.691 0.710
p.H004.aquatic       0.588 0.062 0.468 0.490 0.545 0.585 0.627 0.696 0.717
p.H005.aquatic       0.572 0.059 0.461 0.476 0.534 0.571 0.610 0.669 0.690
p.H006.aquatic       0.557 0.061 0.436 0.456 0.517 0.558 0.596 0.654 0.677
p.H007.aquatic       0.576 0.060 0.459 0.482 0.537 0.576 0.616 0.675 0.697
p.H008.aquatic       0.565 0.060 0.447 0.468 0.527 0.564 0.604 0.665 0.688
p.H009.aquatic       0.558 0.060 0.438 0.458 0.519 0.559 0.597 0.656 0.674
p.H010.aquatic       0.553 0.062 0.427 0.451 0.513 0.554 0.594 0.652 0.673
p.H011.aquatic       0.543 0.066 0.406 0.429 0.503 0.547 0.585 0.646 0.667
p.H014.aquatic       0.552 0.061 0.426 0.451 0.513 0.554 0.591 0.651 0.672
p.H017.aquatic       0.551 0.062 0.426 0.445 0.512 0.552 0.592 0.651 0.670
p.H020.aquatic       0.565 0.060 0.447 0.467 0.527 0.567 0.604 0.662 0.683
p.H021.aquatic       0.555 0.061 0.432 0.453 0.516 0.556 0.596 0.653 0.671
p.H022.aquatic       0.562 0.060 0.446 0.464 0.523 0.562 0.602 0.660 0.680
p.H023.aquatic       0.577 0.060 0.458 0.481 0.538 0.576 0.617 0.675 0.696
p.H024.aquatic       0.560 0.060 0.439 0.459 0.520 0.560 0.598 0.656 0.677
p.H025.aquatic       0.556 0.061 0.430 0.454 0.516 0.557 0.595 0.654 0.676
p.H026.aquatic       0.574 0.060 0.458 0.476 0.535 0.573 0.613 0.676 0.694
p.H027.aquatic       0.575 0.059 0.461 0.481 0.536 0.575 0.613 0.671 0.694
p.H028.aquatic       0.584 0.061 0.470 0.491 0.542 0.583 0.622 0.687 0.707
p.H029.aquatic       0.576 0.061 0.458 0.479 0.537 0.575 0.615 0.677 0.704
p.H030.aquatic       0.566 0.060 0.448 0.466 0.528 0.565 0.605 0.665 0.686
p.H031.aquatic       0.557 0.060 0.437 0.457 0.517 0.558 0.598 0.655 0.676
p.H032.aquatic       0.546 0.065 0.408 0.432 0.506 0.548 0.588 0.649 0.669
p.H033.aquatic       0.552 0.062 0.426 0.449 0.512 0.553 0.592 0.652 0.674
p.H034.aquatic       0.557 0.060 0.434 0.457 0.519 0.558 0.596 0.656 0.673
p.H035.aquatic       0.554 0.060 0.430 0.454 0.514 0.556 0.593 0.651 0.671
p.H036.aquatic       0.537 0.068 0.391 0.416 0.497 0.541 0.581 0.640 0.664
p.H037.aquatic       0.538 0.068 0.393 0.421 0.497 0.542 0.584 0.643 0.668
p.H038.aquatic       0.587 0.061 0.469 0.489 0.546 0.585 0.626 0.691 0.708
p.H039.aquatic       0.566 0.059 0.447 0.470 0.528 0.566 0.604 0.665 0.683
p.H040.aquatic       0.578 0.059 0.466 0.483 0.538 0.576 0.616 0.679 0.697
p.H041.aquatic       0.573 0.060 0.454 0.474 0.534 0.573 0.613 0.673 0.693
p.H042.aquatic       0.574 0.059 0.458 0.478 0.535 0.574 0.613 0.670 0.692
p.H043.aquatic       0.570 0.058 0.456 0.474 0.533 0.570 0.608 0.667 0.685
p.H044.aquatic       0.584 0.060 0.470 0.490 0.543 0.582 0.625 0.685 0.705
p.H045.aquatic       0.580 0.060 0.467 0.483 0.540 0.578 0.619 0.679 0.698
p.H046.aquatic       0.578 0.059 0.465 0.485 0.539 0.576 0.618 0.679 0.696
p.H047.aquatic       0.560 0.059 0.442 0.461 0.521 0.559 0.599 0.658 0.675
p.H048.aquatic       0.560 0.060 0.439 0.462 0.520 0.560 0.599 0.659 0.681
p.H049.aquatic       0.564 0.059 0.449 0.467 0.526 0.563 0.602 0.662 0.686
p.H050.aquatic       0.560 0.060 0.438 0.460 0.520 0.560 0.600 0.655 0.676
p.H051.aquatic       0.558 0.060 0.438 0.456 0.518 0.558 0.598 0.656 0.677
p.H052.aquatic       0.562 0.059 0.443 0.466 0.525 0.563 0.601 0.658 0.677
p.H001.terrestrial   0.415 0.061 0.291 0.311 0.375 0.417 0.456 0.511 0.532
p.H002.terrestrial   0.411 0.061 0.292 0.309 0.371 0.413 0.453 0.506 0.525
p.H003.terrestrial   0.412 0.061 0.290 0.309 0.371 0.415 0.452 0.509 0.530
p.H004.terrestrial   0.412 0.062 0.283 0.304 0.373 0.415 0.455 0.510 0.532
p.H005.terrestrial   0.428 0.059 0.310 0.331 0.390 0.429 0.466 0.524 0.539
p.H006.terrestrial   0.443 0.061 0.323 0.346 0.404 0.442 0.483 0.544 0.564
p.H007.terrestrial   0.424 0.060 0.303 0.325 0.384 0.424 0.463 0.518 0.541
p.H008.terrestrial   0.435 0.060 0.312 0.335 0.396 0.436 0.473 0.532 0.553
p.H009.terrestrial   0.442 0.060 0.326 0.344 0.403 0.441 0.481 0.542 0.562
p.H010.terrestrial   0.447 0.062 0.327 0.348 0.406 0.446 0.487 0.549 0.573
p.H011.terrestrial   0.457 0.066 0.333 0.354 0.415 0.453 0.497 0.571 0.594
p.H014.terrestrial   0.448 0.061 0.328 0.349 0.409 0.446 0.487 0.549 0.574
p.H017.terrestrial   0.449 0.062 0.330 0.349 0.408 0.448 0.488 0.555 0.574
p.H020.terrestrial   0.435 0.060 0.317 0.338 0.396 0.433 0.473 0.533 0.553
p.H021.terrestrial   0.445 0.061 0.329 0.347 0.404 0.444 0.484 0.547 0.568
p.H022.terrestrial   0.438 0.060 0.320 0.340 0.398 0.438 0.477 0.536 0.554
p.H023.terrestrial   0.423 0.060 0.304 0.325 0.383 0.424 0.462 0.519 0.542
p.H024.terrestrial   0.440 0.060 0.323 0.344 0.402 0.440 0.480 0.541 0.561
p.H025.terrestrial   0.444 0.061 0.324 0.346 0.405 0.443 0.484 0.546 0.570
p.H026.terrestrial   0.426 0.060 0.306 0.324 0.387 0.427 0.465 0.524 0.542
p.H027.terrestrial   0.425 0.059 0.306 0.329 0.387 0.425 0.464 0.519 0.539
p.H028.terrestrial   0.416 0.061 0.293 0.313 0.378 0.417 0.458 0.509 0.530
p.H029.terrestrial   0.424 0.061 0.296 0.323 0.385 0.425 0.463 0.521 0.542
p.H030.terrestrial   0.434 0.060 0.314 0.335 0.395 0.435 0.472 0.534 0.552
p.H031.terrestrial   0.443 0.060 0.324 0.345 0.402 0.442 0.483 0.543 0.563
p.H032.terrestrial   0.454 0.065 0.331 0.351 0.412 0.452 0.494 0.568 0.592
p.H033.terrestrial   0.448 0.062 0.326 0.348 0.408 0.447 0.488 0.551 0.574
p.H034.terrestrial   0.443 0.060 0.327 0.344 0.404 0.442 0.481 0.543 0.566
p.H035.terrestrial   0.446 0.060 0.329 0.349 0.407 0.444 0.486 0.546 0.570
p.H036.terrestrial   0.463 0.068 0.336 0.360 0.419 0.459 0.503 0.584 0.609
p.H037.terrestrial   0.462 0.068 0.332 0.357 0.416 0.458 0.503 0.579 0.607
p.H038.terrestrial   0.413 0.061 0.292 0.309 0.374 0.415 0.454 0.511 0.531
p.H039.terrestrial   0.434 0.059 0.317 0.335 0.396 0.434 0.472 0.530 0.553
p.H040.terrestrial   0.422 0.059 0.303 0.321 0.384 0.424 0.462 0.517 0.534
p.H041.terrestrial   0.427 0.060 0.307 0.327 0.387 0.427 0.466 0.526 0.546
p.H042.terrestrial   0.426 0.059 0.308 0.330 0.387 0.426 0.465 0.522 0.542
p.H043.terrestrial   0.430 0.058 0.315 0.333 0.392 0.430 0.467 0.526 0.544
p.H044.terrestrial   0.416 0.060 0.295 0.315 0.375 0.418 0.457 0.510 0.530
p.H045.terrestrial   0.420 0.060 0.302 0.321 0.381 0.422 0.460 0.517 0.533
p.H046.terrestrial   0.422 0.059 0.304 0.321 0.382 0.424 0.461 0.515 0.535
p.H047.terrestrial   0.440 0.059 0.325 0.342 0.401 0.441 0.479 0.539 0.558
p.H048.terrestrial   0.440 0.060 0.319 0.341 0.401 0.440 0.480 0.538 0.561
p.H049.terrestrial   0.436 0.059 0.314 0.338 0.398 0.437 0.474 0.533 0.551
p.H050.terrestrial   0.440 0.060 0.324 0.345 0.400 0.440 0.480 0.540 0.562
p.H051.terrestrial   0.442 0.060 0.323 0.344 0.402 0.442 0.482 0.544 0.562
p.H052.terrestrial   0.438 0.059 0.323 0.342 0.399 0.437 0.475 0.534 0.557
