
#################################################################
# Summary Statistics
#################################################################

DIC = -246.3921

                            Mean    SD  2.5%    5%   25%   50%   75%   95% 97.5%
p.lacustrine.aquatic       0.614 0.053 0.505 0.525 0.582 0.614 0.647 0.698 0.716
p.riverine.aquatic         0.512 0.054 0.397 0.420 0.477 0.515 0.547 0.595 0.613
p.transitional.aquatic     0.562 0.054 0.453 0.472 0.528 0.564 0.599 0.647 0.663
p.lacustrine.terrestrial   0.386 0.053 0.284 0.302 0.353 0.386 0.418 0.475 0.495
p.riverine.terrestrial     0.488 0.054 0.387 0.405 0.453 0.485 0.523 0.580 0.603
p.transitional.terrestrial 0.438 0.054 0.337 0.353 0.401 0.436 0.472 0.528 0.547
