
#################################################################
# Summary Statistics
#################################################################

DIC = 7.302496

                      Mean    SD  2.5%    5%   25%   50%   75%   95% 97.5%
sample.SD            0.075 0.052 0.002 0.005 0.032 0.070 0.111 0.166 0.185
p.global.aquatic     0.563 0.058 0.443 0.464 0.527 0.564 0.602 0.659 0.674
p.global.terrestrial 0.437 0.058 0.326 0.341 0.398 0.436 0.473 0.536 0.557
p.H001.aquatic       0.583 0.063 0.452 0.477 0.542 0.583 0.623 0.683 0.705
p.H002.aquatic       0.587 0.064 0.459 0.482 0.545 0.587 0.629 0.692 0.711
p.H003.aquatic       0.586 0.064 0.458 0.477 0.547 0.585 0.627 0.690 0.713
p.H004.aquatic       0.587 0.065 0.457 0.479 0.545 0.586 0.629 0.692 0.717
p.H005.aquatic       0.569 0.062 0.441 0.462 0.531 0.570 0.609 0.668 0.687
p.H006.aquatic       0.553 0.064 0.421 0.447 0.513 0.555 0.595 0.653 0.677
p.H007.aquatic       0.575 0.062 0.450 0.470 0.535 0.575 0.614 0.677 0.696
p.H008.aquatic       0.563 0.063 0.434 0.455 0.524 0.566 0.604 0.665 0.685
p.H009.aquatic       0.555 0.063 0.425 0.450 0.514 0.557 0.597 0.655 0.676
p.H010.aquatic       0.549 0.064 0.414 0.444 0.508 0.551 0.592 0.651 0.672
p.H011.aquatic       0.539 0.068 0.392 0.424 0.495 0.542 0.585 0.645 0.664
p.H014.aquatic       0.548 0.064 0.422 0.443 0.507 0.548 0.590 0.650 0.671
p.H017.aquatic       0.547 0.066 0.407 0.441 0.506 0.549 0.591 0.652 0.674
p.H020.aquatic       0.563 0.063 0.430 0.458 0.525 0.565 0.603 0.662 0.682
p.H021.aquatic       0.552 0.064 0.420 0.448 0.512 0.555 0.595 0.652 0.671
p.H022.aquatic       0.559 0.063 0.431 0.453 0.519 0.560 0.601 0.660 0.679
p.H023.aquatic       0.576 0.064 0.446 0.471 0.536 0.576 0.617 0.678 0.699
p.H024.aquatic       0.556 0.065 0.420 0.450 0.515 0.558 0.599 0.657 0.678
p.H025.aquatic       0.553 0.064 0.418 0.445 0.512 0.556 0.595 0.654 0.675
p.H026.aquatic       0.571 0.064 0.443 0.464 0.530 0.573 0.613 0.673 0.695
p.H027.aquatic       0.572 0.062 0.449 0.470 0.534 0.572 0.613 0.674 0.693
p.H028.aquatic       0.582 0.062 0.453 0.478 0.543 0.583 0.621 0.684 0.699
p.H029.aquatic       0.574 0.064 0.442 0.468 0.534 0.575 0.616 0.676 0.696
p.H030.aquatic       0.564 0.062 0.433 0.460 0.525 0.565 0.604 0.661 0.681
p.H031.aquatic       0.554 0.064 0.419 0.448 0.515 0.556 0.597 0.651 0.674
p.H032.aquatic       0.542 0.069 0.392 0.424 0.499 0.546 0.589 0.649 0.668
p.H033.aquatic       0.547 0.065 0.411 0.443 0.506 0.550 0.591 0.649 0.670
p.H034.aquatic       0.555 0.064 0.423 0.449 0.513 0.557 0.597 0.655 0.676
p.H035.aquatic       0.549 0.065 0.414 0.440 0.509 0.552 0.594 0.649 0.668
p.H036.aquatic       0.532 0.073 0.375 0.406 0.487 0.536 0.581 0.644 0.662
p.H037.aquatic       0.534 0.070 0.387 0.413 0.489 0.538 0.582 0.644 0.662
p.H038.aquatic       0.585 0.064 0.457 0.479 0.544 0.585 0.626 0.691 0.710
p.H039.aquatic       0.563 0.062 0.435 0.460 0.524 0.565 0.604 0.664 0.681
p.H040.aquatic       0.576 0.063 0.448 0.471 0.536 0.576 0.616 0.678 0.698
p.H041.aquatic       0.572 0.063 0.447 0.467 0.531 0.572 0.613 0.673 0.693
p.H042.aquatic       0.571 0.061 0.448 0.467 0.531 0.572 0.612 0.672 0.689
p.H043.aquatic       0.568 0.061 0.442 0.466 0.530 0.569 0.608 0.664 0.685
p.H044.aquatic       0.582 0.063 0.453 0.476 0.542 0.582 0.623 0.684 0.706
p.H045.aquatic       0.579 0.062 0.451 0.474 0.540 0.579 0.618 0.679 0.700
p.H046.aquatic       0.576 0.062 0.449 0.471 0.537 0.576 0.616 0.677 0.696
p.H047.aquatic       0.556 0.063 0.429 0.452 0.517 0.557 0.598 0.657 0.676
p.H048.aquatic       0.558 0.062 0.432 0.457 0.517 0.559 0.598 0.656 0.679
p.H049.aquatic       0.561 0.061 0.434 0.458 0.522 0.562 0.602 0.662 0.680
p.H050.aquatic       0.556 0.063 0.426 0.451 0.518 0.558 0.599 0.655 0.675
p.H051.aquatic       0.554 0.063 0.423 0.447 0.514 0.557 0.597 0.655 0.673
p.H052.aquatic       0.559 0.062 0.432 0.455 0.520 0.561 0.600 0.658 0.678
p.H001.terrestrial   0.417 0.063 0.295 0.317 0.377 0.417 0.458 0.523 0.548
p.H002.terrestrial   0.413 0.064 0.289 0.308 0.371 0.413 0.455 0.518 0.541
p.H003.terrestrial   0.414 0.064 0.287 0.310 0.373 0.415 0.453 0.523 0.542
p.H004.terrestrial   0.413 0.065 0.283 0.308 0.371 0.414 0.455 0.521 0.543
p.H005.terrestrial   0.431 0.062 0.313 0.332 0.391 0.430 0.469 0.538 0.559
p.H006.terrestrial   0.447 0.064 0.323 0.347 0.405 0.445 0.487 0.553 0.579
p.H007.terrestrial   0.425 0.062 0.304 0.323 0.386 0.425 0.465 0.530 0.550
p.H008.terrestrial   0.437 0.063 0.315 0.335 0.396 0.434 0.476 0.545 0.566
p.H009.terrestrial   0.445 0.063 0.324 0.345 0.403 0.443 0.486 0.550 0.575
p.H010.terrestrial   0.451 0.064 0.328 0.349 0.408 0.449 0.492 0.556 0.586
p.H011.terrestrial   0.461 0.068 0.336 0.355 0.415 0.458 0.505 0.576 0.608
p.H014.terrestrial   0.452 0.064 0.329 0.350 0.410 0.452 0.493 0.557 0.578
p.H017.terrestrial   0.453 0.066 0.326 0.348 0.409 0.451 0.494 0.559 0.593
p.H020.terrestrial   0.437 0.063 0.318 0.338 0.397 0.435 0.475 0.542 0.570
p.H021.terrestrial   0.448 0.064 0.329 0.348 0.405 0.445 0.488 0.552 0.580
p.H022.terrestrial   0.441 0.063 0.321 0.340 0.399 0.440 0.481 0.547 0.569
p.H023.terrestrial   0.424 0.064 0.301 0.322 0.383 0.424 0.464 0.529 0.554
p.H024.terrestrial   0.444 0.065 0.322 0.343 0.401 0.442 0.485 0.550 0.580
p.H025.terrestrial   0.447 0.064 0.325 0.346 0.405 0.444 0.488 0.555 0.582
p.H026.terrestrial   0.429 0.064 0.305 0.327 0.387 0.427 0.470 0.536 0.557
p.H027.terrestrial   0.428 0.062 0.307 0.326 0.387 0.428 0.466 0.530 0.551
p.H028.terrestrial   0.418 0.062 0.301 0.316 0.379 0.417 0.457 0.522 0.547
p.H029.terrestrial   0.426 0.064 0.304 0.324 0.384 0.425 0.466 0.532 0.558
p.H030.terrestrial   0.436 0.062 0.319 0.339 0.396 0.435 0.475 0.540 0.567
p.H031.terrestrial   0.446 0.064 0.326 0.349 0.403 0.444 0.485 0.552 0.581
p.H032.terrestrial   0.458 0.069 0.332 0.351 0.411 0.454 0.501 0.576 0.608
p.H033.terrestrial   0.453 0.065 0.330 0.351 0.409 0.450 0.494 0.557 0.589
p.H034.terrestrial   0.445 0.064 0.324 0.345 0.403 0.443 0.487 0.551 0.577
p.H035.terrestrial   0.451 0.065 0.332 0.351 0.406 0.448 0.491 0.560 0.586
p.H036.terrestrial   0.468 0.073 0.338 0.356 0.419 0.464 0.513 0.594 0.625
p.H037.terrestrial   0.466 0.070 0.338 0.356 0.418 0.462 0.511 0.587 0.613
p.H038.terrestrial   0.415 0.064 0.290 0.309 0.374 0.415 0.456 0.521 0.543
p.H039.terrestrial   0.437 0.062 0.319 0.336 0.396 0.435 0.476 0.540 0.565
p.H040.terrestrial   0.424 0.063 0.302 0.322 0.384 0.424 0.464 0.529 0.552
p.H041.terrestrial   0.428 0.063 0.307 0.327 0.387 0.428 0.469 0.533 0.553
p.H042.terrestrial   0.429 0.061 0.311 0.328 0.388 0.428 0.469 0.533 0.552
p.H043.terrestrial   0.432 0.061 0.315 0.336 0.392 0.431 0.470 0.534 0.558
p.H044.terrestrial   0.418 0.063 0.294 0.316 0.377 0.418 0.458 0.524 0.547
p.H045.terrestrial   0.421 0.062 0.300 0.321 0.382 0.421 0.460 0.526 0.549
p.H046.terrestrial   0.424 0.062 0.304 0.323 0.384 0.424 0.463 0.529 0.551
p.H047.terrestrial   0.444 0.063 0.324 0.343 0.402 0.443 0.483 0.548 0.571
p.H048.terrestrial   0.442 0.062 0.321 0.344 0.402 0.441 0.483 0.543 0.568
p.H049.terrestrial   0.439 0.061 0.320 0.338 0.398 0.438 0.478 0.542 0.566
p.H050.terrestrial   0.444 0.063 0.325 0.345 0.401 0.442 0.482 0.549 0.574
p.H051.terrestrial   0.446 0.063 0.327 0.345 0.403 0.443 0.486 0.553 0.577
p.H052.terrestrial   0.441 0.062 0.322 0.342 0.400 0.439 0.480 0.545 0.568
